500
2
13743.5
68
100
80
53
93
48
14
38
89
72
15
70
37
75
41
11
76
87
26
70
25
88
93
32
17
78
29
72
53
83
27
18
71
30
26
12
99
88
87
69
12
39
60
68
98
28
93
33
81
26
74
89
17
31
16
42
75
88
84
87
18
75
61
65
49
45
65
33
55
47
23
40
96
30
56
75
30
25
16
14
74
49
63
66
58
49
30
19
82
42
42
81
43
50
72
47
22
67
15
54
64
75
22
75
10
86
36
82
25
47
62
63
82
35
43
76
50
50
41
54
60
25
90
83
28
25
17
19
26
31
92
10
17
37
93
18
36
59
83
85
67
72
89
67
19
38
62
57
64
39
49
95
14
12
41
27
47
97
34
75
24
10
52
54
60
39
29
50
67
35
88
32
20
35
24
95
39
73
44
42
62
52
25
76
83
34
38
82
25
71
29
56
96
54
92
63
53
74
69
40
57
100
91
45
83
41
54
83
97
48
75
20
52
34
89
24
41
19
25
30
91
72
89
14
83
29
16
73
84
25
51
44
34
31
21
38
97
88
52
39
43
33
26
56
37
89
78
80
95
53
17
100
37
35
67
86
98
14
42
85
65
40
64
63
17
26
62
73
24
45
71
57
58
72
39
23
85
17
69
41
47
17
87
23
33
71
13
33
35
21
22
92
29
22
10
12
78
11
20
22
20
51
32
96
17
12
40
16
53
42
43
13
62
34
17
76
100
42
18
35
40
90
56
55
29
80
16
31
74
50
17
97
14
15
25
10
70
20
13
50
58
24
18
99
85
38
34
41
85
16
64
67
59
80
33
99
65
90
22
94
51
14
78
28
99
21
28
78
61
78
29
81
100
60
23
15
44
15
59
38
66
97
32
85
17
84
93
49
36
80
21
18
100
27
28
60
81
47
85
21
75
58
35
79
59
47
46
78
24
35
68
94
12
26
36
14
83
14
90
74
93
94
99
72
30
83
20
71
89
24
16
78
97
54
43
57
75
34
57
55
88
38
28
14
58
43
91
49
44
91
27
39
69
17
23
50
64
83
99
82
78
66
28
19
74
81
55
95
72
46
84
23
100
47
70
50
25
16
79
73
21
81
64
86
84
12
93
79
55
74
19
95
28
74
69
22
34
23
40
97
52
13
59
76
73
49
26
39
100
66
70
32
35
94
67
17
31
25
39
92
13
79
46
88
32
99
15
82
75
97
29
82
80
87
59
78
98
21
58
92
64
98
92
50
75
15
70
28
39
82
17
85
98
15
73
23
44
89
65
80
76
66
55
89
26
60
53
48
55
83
46
36
49
94
57
38
97
90
86
53
69
91
86
24
97
57
56
17
75
56
28
49
88
93
98
19
74
48
83
97
79
78
24
89
76
12
39
54
59
67
87
58
37
15
85
42
32
52
100
81
59
84
68
85
42
77
38
34
62
54
75
20
86
87
92
30
38
55
95
66
52
71
36
42
12
82
14
66
97
46
27
92
64
56
39
98
38
60
19
71
44
71
92
59
86
80
59
58
83
42
82
90
83
61
49
76
61
43
31
95
93
30
96
11
34
85
54
43
44
61
50
73
66
64
34
45
48
12
73
60
81
49
89
28
97
24
46
45
24
69
98
89
73
87
62
53
14
16
31
43
19
84
31
34
65
49
17
84
98
69
71
20
39
31
10
59
62
82
100
60
92
50
68
13
64
78
47
29
90
97
13
35
74
10
29
23
26
51
56
72
75
77
67
61
45
16
89
29
63
50
77
46
83
19
23
57
72
42
52
15
54
38
57
85
38
64
83
74
28
40
50
59
74
87
54
12
66
79
86
67
96
12
90
83
39
85
27
32
90
67
57
68
65
49
88
81
72
96
30
32
15
78
67
64
50
44
83
47
44
46
84
66
41
36
69
35
87
77
55
99
70
36
10
16
51
64
11
47
31
87
41
79
18
13
46
19
59
68
97
49
95
29
81
22
18
44
81
31
64
49
34
19
38
10
20
56
98
52
78
84
28
31
83
93
31
29
87
78
25
50
18
59
29
62
42
53
43
66
88
77
31
35
52
95
23
23
99
81
17
90
52
99
79
53
26
32
21
27
99
21
29
56
27
86
81
63
85
13
20
76
15
69
60
74
100
29
76
57
40
40
31
26
50
54
57
93
59
95
44
52
48
59
55
38
70
30
21
97
34
84
84
52
67
70
79
55
33
82
72
27
66
49
77
57
56
79
20
55
98
10
25
50
65
23
46
98
100
37
45
33
60
64
17
13
28
92
22
46
61
13
13357
55
59
18
31
80
75
62
83
75
92
97
17
54
22
70
65
11
45
44
67
55
64
35
77
86
63
58
72
43
96
12
32
16
12
75
43
11
59
12
73
51
69
20
80
100
57
53
65
53
34
61
41
27
23
79
67
19
17
77
81
18
29
37
24
35
57
43
59
96
36
13
92
89
11
51
28
39
10
70
58
48
15
24
34
86
72
18
33
49
18
14
81
78
38
17
74
79
92
48
93
10
22
67
86
75
99
17
39
66
17
76
32
36
100
73
19
62
73
20
45
39
99
26
16
44
91
53
23
82
75
17
61
20
14
61
72
22
30
67
97
91
77
76
79
28
93
22
34
41
43
50
51
75
83
72
71
96
38
63
88
53
40
57
34
28
65
27
39
25
42
52
60
78
80
70
62
30
51
49
93
84
87
41
78
80
51
90
59
91
89
30
62
59
80
43
68
77
27
74
37
64
58
83
33
88
86
21
97
15
24
30
95
49
93
12
34
99
66
87
23
71
66
86
20
70
86
23
85
97
14
33
19
86
78
67
22
46
40
57
98
22
28
84
19
38
96
43
86
72
64
49
98
41
17
77
92
22
97
16
98
100
97
43
76
33
78
56
92
30
30
98
56
68
43
43
70
44
37
77
90
16
56
20
12
88
82
100
17
20
70
27
80
65
62
72
29
91
14
18
99
33
46
55
22
53
49
81
94
47
19
67
72
19
30
34
23
76
97
49
70
42
84
40
92
40
43
34
19
48
89
38
66
86
39
67
23
46
94
63
80
73
97
28
30
33
43
92
17
45
64
51
39
44
34
82
57
55
45
27
82
43
20
38
88
33
59
85
59
88
88
32
73
55
46
18
38
16
34
91
11
85
49
45
60
59
65
92
77
28
70
12
50
20
74
76
39
56
14
31
39
17
25
92
43
71
81
23
52
70
24
80
15
12
80
34
44
100
28
78
41
15
72
52
91
55
12
90
55
43
63
83
90
92
66
44
78
95
22
50
88
82
74
79
28
60
94
88
93
52
91
10
84
83
97
63
72
44
38
17
66
19
92
21
60
28
68
31
89
75
22
33
60
38
73
17
93
78
91
79
84
63
72
26
53
67
68
39
52
32
67
25
77
31
26
71
50
37
38
100
47
21
53
43
33
49
53
51
60
79
36
27
53
77
18
54
49
62
62
51
19
40
67
91
58
57
60
50
50
49
70
68
70
14
31
44
60
38
14
51
37
39
65
26
25
88
43
93
34
51
47
41
59
80
79
72
47
87
89
59
11
63
42
20
87
39
50
70
67
92
51
39
97
28
22
58
77
89
56
45
77
82
60
45
53
35
49
84
71
66
80
59
55
45
82
19
91
23
11
26
64
86
18
31
16
74
72
75
92
44
50
23
14
99
23
50
34
27
57
99
35
20
55
76
99
36
25
83
43
93
45
92
10
52
55
98
17
93
20
15
24
63
70
67
30
100
20
41
15
15
77
22
90
28
20
52
41
68
35
55
86
46
90
47
63
97
69
18
98
71
78
68
69
76
55
74
10
65
17
37
72
72
67
53
16
77
66
58
13
28
15
100
48
34
49
17
49
30
63
84
76
59
88
19
48
57
95
28
14
44
52
85
85
99
48
46
13
31
43
69
44
82
78
92
12
13
87
86
68
85
80
41
89
12
47
15
99
54
91
64
59
67
44
68
78
34
23
75
75
76
90
19
60
86
54
62
29
80
77
72
93
32
76
45
86
22
27
88
92
16
86
26
63
44
70
65
79
100
56
23
89
48
26
22
39
58
42
29
50
50
30
22
85
55
42
61
64
81
53
48
40
41
12
94
94
48
19
23
63
19
96
20
97
91
19
76
31
85
10
70
11
81
48
65
66
68
69
20
12
57
68
58
35
15
71
59
12
43
10
58
100
45
80
79
35
74
24
43
63
42
77
62
67
13
13
23
28
23
35
26
85
77
51
85
42
88
50
58
46
44
63
66
32
32
92
22
69
14
79
60
52
73
90
30
21
64
69
57
50
52
52
56
32
53
88
56
20
13
89
21
84
65
68
28
59
19
31
89
85
11
13
45
82
11
39
89
80
35
63
50
75
84
51
69
47
70
23
59
63
67
44
47
31
91
90
86
80
86
18
43
49
24
80
89
12
23
65
29
84
71
76
29
51
11
98
100
27
93
70
85
91
63
92
15
29
62
64
53
57
42
79
82
61
18
55
59
49
98
45
11
27
39
98
90
58
63
86
65
26
66
33
80
56
38
42
64
94
23
24
42
21
