100 59 
53 31 
48 75 
38 83 
72 92 
70 17 
75 22 
11 65 
87 45 
70 67 
88 64 
32 77 
78 63 
72 72 
83 96 
18 32 
30 12 
12 43 
88 59 
69 73 
39 69 
68 80 
28 57 
33 65 
26 34 
89 41 
31 23 
42 67 
88 17 
87 81 
75 29 
65 24 
45 57 
33 59 
47 36 
40 92 
30 11 
75 28 
25 10 
14 58 
49 15 
66 34 
49 72 
19 33 
42 18 
81 81 
50 38 
47 74 
67 92 
54 93 
75 22 
75 86 
86 99 
82 39 
47 17 
63 32 
35 100 
76 19 
50 73 
54 45 
25 99 
83 16 
25 91 
19 23 
31 75 
10 61 
37 14 
18 72 
59 30 
85 97 
72 77 
67 79 
38 93 
57 34 
39 43 
95 51 
12 83 
27 71 
97 38 
75 88 
10 40 
54 34 
39 65 
50 39 
35 42 
32 60 
35 80 
95 62 
73 51 
42 93 
52 87 
76 78 
34 51 
82 59 
71 89 
56 62 
54 80 
63 68 
74 27 
40 37 
100 58 
45 33 
41 86 
83 97 
48 24 
20 95 
34 93 
24 34 
19 66 
30 23 
72 66 
14 20 
29 86 
73 85 
25 14 
44 19 
31 78 
38 22 
88 40 
39 98 
33 28 
56 19 
89 96 
80 86 
53 64 
100 98 
35 17 
86 92 
14 97 
85 98 
40 97 
63 76 
26 78 
73 92 
45 30 
57 56 
72 43 
23 70 
17 37 
41 90 
17 56 
23 12 
71 82 
33 17 
21 70 
92 80 
22 62 
12 29 
11 14 
22 99 
51 46 
96 22 
12 49 
16 94 
42 19 
13 72 
34 30 
76 23 
42 97 
35 70 
90 84 
55 92 
80 43 
31 19 
50 89 
97 66 
15 39 
10 23 
20 94 
50 80 
24 97 
99 30 
38 43 
41 17 
16 64 
67 39 
80 34 
99 57 
90 45 
94 82 
14 20 
28 88 
21 59 
78 59 
78 88 
81 73 
60 46 
15 38 
15 34 
38 11 
97 49 
85 60 
84 65 
49 77 
80 70 
18 50 
27 74 
60 39 
47 14 
21 39 
58 25 
79 43 
47 81 
78 52 
35 24 
94 15 
26 80 
14 44 
14 28 
74 41 
94 72 
72 91 
83 12 
71 55 
24 63 
78 90 
54 66 
57 78 
34 22 
55 88 
38 74 
14 28 
43 94 
49 93 
91 91 
39 84 
17 97 
50 72 
83 38 
82 66 
66 92 
19 60 
81 68 
95 89 
46 22 
23 60 
47 73 
50 93 
16 91 
73 84 
81 72 
86 53 
12 68 
79 52 
74 67 
95 77 
74 26 
22 50 
23 38 
97 47 
13 53 
76 33 
49 53 
39 60 
66 36 
32 53 
94 18 
17 49 
25 62 
92 19 
79 67 
88 58 
99 60 
82 50 
97 70 
82 70 
87 31 
78 60 
21 14 
92 37 
98 65 
50 25 
15 43 
28 34 
82 47 
85 59 
15 79 
23 47 
89 89 
80 11 
66 42 
89 87 
60 50 
48 67 
83 51 
36 97 
94 22 
38 77 
90 56 
53 77 
91 60 
24 53 
57 49 
17 71 
56 80 
49 55 
93 82 
19 91 
48 11 
97 64 
78 18 
89 16 
12 72 
54 92 
67 50 
58 14 
15 23 
42 34 
52 57 
81 35 
84 55 
85 99 
77 25 
34 43 
54 45 
20 10 
87 55 
30 17 
55 20 
66 24 
71 70 
42 30 
82 20 
66 15 
46 77 
92 90 
56 20 
98 41 
60 35 
71 86 
71 90 
59 63 
80 69 
58 98 
42 78 
90 69 
61 55 
76 10 
43 17 
95 72 
30 67 
11 16 
85 66 
43 13 
61 15 
73 48 
64 49 
45 49 
12 63 
60 76 
49 88 
28 48 
24 95 
45 14 
69 52 
89 85 
87 48 
53 13 
16 43 
43 44 
84 78 
34 12 
49 87 
84 68 
69 80 
20 89 
31 47 
59 99 
82 91 
60 59 
50 44 
13 78 
78 23 
29 75 
97 90 
35 60 
10 54 
23 29 
51 77 
72 93 
77 76 
61 86 
16 27 
29 92 
50 86 
46 63 
19 70 
57 79 
42 56 
15 89 
38 26 
85 39 
64 42 
74 50 
40 30 
59 85 
87 42 
12 64 
79 53 
67 40 
12 12 
83 94 
85 19 
32 63 
67 96 
68 97 
49 19 
81 31 
96 10 
32 11 
78 48 
64 66 
44 69 
47 12 
46 68 
66 35 
36 71 
35 12 
77 10 
99 100 
36 80 
16 35 
64 24 
47 63 
87 77 
79 67 
13 13 
19 28 
68 35 
49 85 
29 51 
22 42 
44 50 
31 46 
49 63 
19 32 
10 92 
56 69 
52 79 
84 52 
31 90 
93 21 
29 69 
78 50 
50 52 
59 32 
62 88 
53 20 
66 89 
77 84 
35 68 
95 59 
23 31 
81 85 
90 13 
99 82 
53 39 
32 80 
27 63 
21 75 
56 51 
86 47 
63 23 
13 63 
76 44 
69 31 
74 90 
29 80 
57 18 
40 49 
26 80 
54 12 
93 65 
95 84 
52 76 
59 51 
38 98 
30 27 
97 70 
84 91 
52 92 
70 29 
55 64 
82 57 
27 79 
49 61 
57 55 
79 49 
55 45 
10 27 
50 98 
23 58 
98 86 
37 26 
33 33 
64 56 
13 42 
92 94 
46 24 
13 21 
