68 55 
80 18 
93 80 
14 62 
89 75 
15 97 
37 54 
41 70 
76 11 
26 44 
25 55 
93 35 
17 86 
29 58 
53 43 
27 12 
71 16 
26 75 
99 11 
87 12 
12 51 
60 20 
98 100 
93 53 
81 53 
74 61 
17 27 
16 79 
75 19 
84 77 
18 18 
61 37 
49 35 
65 43 
55 96 
23 13 
96 89 
56 51 
30 39 
16 70 
74 48 
63 24 
58 86 
30 18 
82 49 
42 14 
43 78 
72 17 
22 79 
15 48 
64 10 
22 67 
10 75 
36 17 
25 66 
62 76 
82 36 
43 73 
50 62 
41 20 
60 39 
90 26 
28 44 
17 53 
26 82 
92 17 
17 20 
93 61 
36 22 
83 67 
67 91 
89 76 
19 28 
62 22 
64 41 
49 50 
14 75 
41 72 
47 96 
34 63 
24 53 
52 57 
60 28 
29 27 
67 25 
88 52 
20 78 
24 70 
39 30 
44 49 
62 84 
25 41 
83 80 
38 90 
25 91 
29 30 
96 59 
92 43 
53 77 
69 74 
57 64 
91 83 
83 88 
54 21 
97 15 
75 30 
52 49 
89 12 
41 99 
25 87 
91 71 
89 86 
83 70 
16 23 
84 97 
51 33 
34 86 
21 67 
97 46 
52 57 
43 22 
26 84 
37 38 
78 43 
95 72 
17 49 
37 41 
67 77 
98 22 
42 16 
65 100 
64 43 
17 33 
62 56 
24 30 
71 98 
58 68 
39 43 
85 44 
69 77 
47 16 
87 20 
33 88 
13 100 
35 20 
22 27 
29 65 
10 72 
78 91 
20 18 
20 33 
32 55 
17 53 
40 81 
53 47 
43 67 
62 19 
17 34 
100 76 
18 49 
40 42 
56 40 
29 40 
16 34 
74 48 
17 38 
14 86 
25 67 
70 46 
13 63 
58 73 
18 28 
85 33 
34 92 
85 45 
64 51 
59 44 
33 82 
65 55 
22 27 
51 43 
78 38 
99 33 
28 85 
61 88 
29 32 
100 55 
23 18 
44 16 
59 91 
66 85 
32 45 
17 59 
93 92 
36 28 
21 12 
100 20 
28 76 
81 56 
85 31 
75 17 
35 92 
59 71 
46 23 
24 70 
68 80 
12 12 
36 34 
83 100 
90 78 
93 15 
99 52 
30 55 
20 90 
89 43 
16 83 
97 92 
43 44 
75 95 
57 50 
88 82 
28 79 
58 60 
91 88 
44 52 
27 10 
69 83 
23 63 
64 44 
99 17 
78 19 
28 21 
74 28 
55 31 
72 75 
84 33 
100 38 
70 17 
25 78 
79 79 
21 63 
64 26 
84 67 
93 39 
55 32 
19 25 
28 31 
69 71 
34 37 
40 100 
52 21 
59 43 
73 49 
26 51 
100 79 
70 27 
35 77 
67 54 
31 62 
39 51 
13 40 
46 91 
32 57 
15 50 
75 49 
29 68 
80 14 
59 44 
98 38 
58 51 
64 39 
92 26 
75 88 
70 93 
39 51 
17 41 
98 80 
73 72 
44 87 
65 59 
76 63 
55 20 
26 39 
53 70 
55 92 
46 39 
49 28 
57 58 
97 89 
86 45 
69 82 
86 45 
97 35 
56 84 
75 66 
28 59 
88 45 
98 19 
74 23 
83 26 
79 86 
24 31 
76 74 
39 75 
59 44 
87 23 
37 99 
85 50 
32 27 
100 99 
59 20 
68 76 
42 36 
38 83 
62 93 
75 92 
86 52 
92 98 
38 93 
95 15 
52 63 
36 67 
12 100 
14 41 
97 15 
27 22 
64 28 
39 52 
38 68 
19 55 
44 46 
92 47 
86 97 
59 18 
83 71 
82 68 
83 76 
49 74 
61 65 
31 37 
93 72 
96 53 
34 77 
54 58 
44 28 
50 100 
66 34 
34 17 
48 30 
73 84 
81 59 
89 19 
97 57 
46 28 
24 44 
98 85 
73 99 
62 46 
14 31 
31 69 
19 82 
31 92 
65 13 
17 86 
98 85 
71 41 
39 12 
10 15 
62 54 
100 64 
92 67 
68 68 
64 34 
47 75 
90 76 
13 19 
74 86 
29 62 
26 80 
56 72 
75 32 
67 45 
45 22 
89 88 
63 16 
77 26 
83 44 
23 65 
72 100 
52 23 
54 48 
57 22 
38 58 
83 29 
28 50 
50 22 
74 55 
54 61 
66 81 
86 48 
96 41 
90 94 
39 48 
27 23 
90 19 
57 20 
65 91 
88 76 
72 85 
30 70 
15 81 
67 65 
50 68 
83 20 
44 57 
84 58 
41 15 
69 59 
87 43 
55 58 
70 45 
10 79 
51 74 
11 43 
31 42 
41 62 
18 13 
46 23 
59 23 
97 26 
95 77 
81 85 
18 88 
81 58 
64 44 
34 66 
38 32 
20 22 
98 14 
78 60 
28 73 
83 30 
31 64 
87 57 
25 52 
18 56 
29 53 
42 56 
43 13 
88 21 
31 65 
52 28 
23 19 
99 89 
17 11 
52 45 
79 11 
26 89 
21 35 
99 50 
29 84 
27 69 
81 70 
85 59 
20 67 
15 47 
60 91 
100 86 
76 86 
40 43 
31 24 
50 89 
57 23 
59 29 
44 71 
48 29 
55 11 
70 100 
21 93 
34 85 
84 63 
67 15 
79 62 
33 53 
72 42 
66 82 
77 18 
56 59 
20 98 
98 11 
25 39 
65 90 
46 63 
100 65 
45 66 
60 80 
17 38 
28 64 
22 23 
61 42 
